test1

Init: 1.924109935760498
Create TimeSeq: 111.59338307380676
[[9, 2, 5], [0, 2, 3], [6, 5], [0, 9, 3, 5], [1, 8], [2, 5, 1, 6], [2, 0], [4, 5, 3, 6], [5], [5, 1, 2, 9]]
Create colMatrix: 44.66655397415161
iterateMatrix: 1.0050580501556396
makeDictionary: 72.74416089057922
removeCloseMatch: 412.35458493232727
calculateGoodMatches: 486.1078040599823
854 (200)  :  [317 (200), 1370 (200)]
491 (200)  :  [1056 (200), 1578 (200)]
1126 (200)  :  [595 (200), 1658 (200)]
1829 (200)  :  [810 (200), 1332 (200)]

------------------------------------------------------------------------------------------------------

test2

Init: 4.387250900268555
Create TimeSeq: 188.58178615570068
[[1, 8, 0], [4, 9, 2, 7], [6, 0, 3], [4, 9], [2, 6], [9], [8, 1], [7, 8, 0], [6, 1, 7, 4], [2]]
Create colMatrix: 161.8342559337616
iterateMatrix: 5.431311130523682
makeDictionary: 339.0363919734955
removeCloseMatch: 1059.2225840091705
calculateGoodMatches: 1403.7072880268097
2660 (200)  :  [542 (200), 946 (200), 1401 (200), 1816 (200), 3187 (200)]
3373 (200)  :  [286 (200), 619 (200), 1096 (200), 1565 (200), 1940 (200), 2393 (200)]
2991 (200)  :  [714 (200), 1190 (200), 1660 (200), 2035 (200), 3468 (200)]

------------------------------------------------------------------------------------------------------

test3

Init: 4.087234020233154
Create TimeSeq: 166.49852299690247
[[2, 3, 0, 6], [5], [4, 6, 1], [2, 8, 0, 3], [4, 9, 7], [3, 9, 6, 0], [7, 2, 3], [6, 4], [0], [9, 1, 3, 0]]
Create colMatrix: 203.00461196899414
iterateMatrix: 6.454369068145752
makeDictionary: 339.5054178237915
removeCloseMatch: 990.1426329612732
calculateGoodMatches: 1336.2034258842468
1071 (200)  :  [461 (200), 1642 (200), 2229 (200), 2755 (200), 3400 (200)]
2876 (200)  :  [108 (200), 583 (200), 1192 (200), 2348 (200), 3520 (200)]
1326 (200)  :  [251 (200), 750 (200), 1883 (200), 2453 (200), 2993 (200)]
3413 (200)  :  [1 (200), 474 (200), 1084 (200), 2242 (200), 2769 (200)]

------------------------------------------------------------------------------------------------------

